function env = make_env()
    % Figure max size
    env.x_min = -5;
    env.y_min = -5;
    env.x_max = 500;
    env.y_max = 500;

    % Obstacle position
    env.poly = {[300, 500; 200, 200; 450, 300], [550,450; 530,300; 700,250; 750, 350], ...
            [600,700; 650,500; 750,600; 800,780], [310,750; 340,600; 500,550; 480,660]};

    % Initial position
    env.start = [200, 100];

    % Goal position
    env.goal = [600, 600];
    % env.goal = [200, 200];

    % Goal reaching tollerance
    env.goal_radius = 50.0;

    % Map Corners
    env.corners = {[100, 100], [400, 100], [400, 400], [100, 400]};

    % Turning Radius, How far does car turn?
    env.corner_radius = 5.0; %[m]

    % How big the corner
    env.corner_rad = deg2rad(90);

    % Landmarks
    % env.landmarks = {[105, 115], [204, 114], [303, 113], [406, 85], [501, 87], [601, 89], [701, 120], [820, 125], [820, 200], [820, 500]};
    % env.landmarks = {
    %     [102, 120], [150, 95], [210, 105], [260, 110], [320, 90], ...
    %     [380, 115], ...
    %     [405, 150], [395, 210], [410, 270], [390, 330], [405, 380], ...
    %     [350, 405], [300, 395], [240, 410], [180, 395], [120, 405], ...
    %     [95, 350], [110, 290], [90, 220], [105, 160]
    % };
    env.landmarks = {
        % Bottom edge (y ~ 95-115), strengthen straight-stage observability
        [120, 110], [170, 95], [220, 105], [270, 110], [320, 95], [370, 110], [400, 105], ...
        [160, 70], [230, 75], [300, 70], [360, 75], ...
        [405, 135], [398, 180], [405, 225], [398, 270], [405, 315], [398, 360], [405, 400], ...
        [360, 405], [310, 398], [260, 405], [210, 398], [160, 405], [110, 398], ...
        [100, 350], [108, 300], [95, 250], [105, 200], [98, 150]
    };


end